Milan
674.51
669.15
754.75
752.63
749.73
736.79
734.70
733.83
772.82
721.19
707.08
717.55
717.06
707.78
748.66
730.92
718.28
713.45
717.72
705.19
729.63
722.58
721.49
742.25
748.72
750.00
753.45
757.50
769.25
781.85
786.42
780.75
779.99
767.00
757.47
Amsterdam
616.49
635.85
632.31
628.04
656.00
674.51
669.15
754.75
752.63
749.73
736.79
734.70
733.83
736.02
721.19
707.08
717.55
717.06
707.78
748.66
730.92
754.19
713.45
717.72
705.19
729.63
722.58
721.49
742.25
748.72
750.00
753.45
757.50
769.25
820.94
786.42
780.75
779.99
805.35
757.47
Frankfurt
628.04
656.00
674.51
702.61
754.75
752.63
749.73
736.79
734.70
733.83
736.02
757.25
707.08
753.43
717.06
707.78
713.01
730.92
718.28
749.12
717.72
705.19
729.63
722.58
721.49
779.36
748.72
750.00
753.45
757.50
769.25
820.94
786.42
780.75
779.99
767.00
795.34
