New York
167.76
176.10
175.85
178.23
181.68
184.34
185.90
194.89
192.00
202.79
191.00
194.24
262.78
261.00
292.76
267.05
272.59
290.00
307.10
317.35
318.00
303.76
318.95
328.10
326.02
326.01
340.59
334.03
323.82
330.16
340.45
348.00
321.55
321.22
322.63
315.55
304.01
320.57
331.20
320.08
311.84
295.58
302.06
305.46
289.45
290.30
283.75
267.79
289.50
308.00
Canada
274.05
278.82
267.05
272.59
290.00
307.10
317.35
333.90
303.76
318.95
312.48
326.02
326.01
357.62
350.73
323.82
330.16
340.45
348.00
321.55
321.22
322.63
315.55
304.01
320.57
331.20
320.08
327.43
295.58
302.06
305.46
289.45
290.30
283.75
267.79
289.50
323.40
Paris
179.65
184.24
185.68
186.52
186.38
186.61
185.55
197.75
200.96
207.66
210.18
205.36
198.87
188.60
186.55
183.35
186.21
189.53
192.35
178.26
171.16
183.75
167.76
176.10
175.85
178.23
181.68
184.34
185.90
204.63
192.00
202.79
191.00
194.24
262.78
261.00
278.82
267.05
272.59
290.00
307.10
317.35
318.00
303.76
318.95
312.48
326.02
326.01
340.59
334.03
323.82
330.16
340.45
348.00
321.55
321.22
322.63
315.55
304.01
336.60
331.20
320.08
311.84
295.58
302.06
305.46
289.45
304.81
283.75
267.79
289.50
308.00
