Shanghai
97.37
95.99
89.75
86.56
89.42
86.77
85.33
85.30
84.05
87.50
84.69
85.67
79.87
81.53
79.68
82.78
87.48
87.14
86.30
87.25
85.71
92.39
93.50
91.74
97.83
95.52
95.37
94.70
94.14
93.48
94.15
90.70
97.20
95.97
95.68
94.33
93.50
90.46
90.75
90.33
91.22
89.98
86.75
91.35
86.70
87.83
85.26
84.59
83.58
84.00
84.34
84.64
82.85
85.82
82.58
85.30
84.55
82.44
83.69
87.98
83.14
81.87
82.10
83.16
82.92
81.72
82.71
82.80
80.55
81.21
80.30
82.00
81.80
82.04
83.20
84.45
87.79
87.78
85.26
84.30
80.83
80.29
81.68
82.77
80.66
82.76
85.60
98.95
98.20
97.41
97.99
95.19
94.71
95.77
93.13
90.99
90.70
91.90
88.75
88.87
89.96
92.21
93.06
93.75
91.54
88.85
87.07
90.75
91.39
91.50
93.10
93.45
91.83
91.12
95.76
90.75
89.89
89.31
90.36
90.52
Hong Kong
84.69
85.67
83.86
81.53
79.68
82.78
87.48
87.14
86.30
87.25
85.71
92.39
93.50
91.74
93.17
95.52
95.37
94.70
94.14
93.48
94.15
95.23
92.57
95.97
95.68
94.33
93.50
90.46
95.29
90.33
91.22
89.98
86.75
87.00
86.70
92.22
85.26
84.59
83.58
84.00
84.34
84.64
82.85
81.73
82.58
85.30
88.78
82.44
87.87
83.79
83.14
81.87
82.10
83.16
82.92
81.72
82.71
82.80
80.55
81.21
80.30
86.10
81.80
82.04
83.20
88.67
87.79
87.78
85.26
84.30
80.83
80.29
81.68
82.77
80.66
82.76
85.60
98.95
98.20
97.41
97.99
95.19
94.71
95.77
93.13
90.99
90.70
91.90
88.75
88.87
89.96
92.21
93.06
93.75
91.54
88.85
87.07
90.75
91.39
91.50
93.10
93.45
91.83
91.12
91.20
90.75
89.89
89.31
90.36
90.52
Shenzhen
82.44
83.69
83.79
83.14
81.87
82.10
83.16
82.92
81.72
82.71
82.80
80.55
81.21
80.30
82.00
85.89
82.04
83.20
84.45
87.79
87.78
85.26
84.30
80.83
80.29
81.68
82.77
80.66
82.76
85.60
98.95
98.20
97.41
97.99
95.19
94.71
100.56
97.79
90.99
90.70
91.90
88.75
88.87
89.96
92.21
93.06
98.44
91.54
88.85
87.07
90.75
91.39
91.50
93.10
93.45
91.83
91.12
91.20
90.75
89.89
89.31
90.36
90.52
