154
88.39
87.08
89.65
90.21
89.73
90.77
92.04
93.44
93.18
93.61
92.55
90.31
92.54
90.96
89.03
89.13
88.22
85.89
86.63
88.22
88.00
87.84
89.40
87.17
86.86
85.50
84.20
83.87
83.29
82.37
82.08
83.03
84.48
83.14
84.13
84.23
85.15
85.58
84.54
83.85
83.65
85.23
84.46
84.25
86.50
86.29
82.16
81.13
80.12
79.66
78.85
79.25
81.70
83.20
84.25
85.69
84.14
85.76
85.48
86.10
86.28
86.90
84.14
82.23
82.77
80.93
81.18
79.60
82.57
82.34
86.06
84.98
87.63
86.76
85.61
85.19
83.61
83.26
84.03
82.52
85.26
82.83
85.50
87.03
86.21
85.03
85.03
87.30
84.91
85.13
83.32
82.21
84.22
85.11
86.00
85.64
84.57
87.69
89.22
88.16
86.02
83.84
84.58
85.12
85.24
85.11
84.22
83.50
86.56
89.02
85.86
88.35
88.40
89.69
90.26
92.07
93.36
91.76
93.82
96.47
97.10
97.21
95.77
102.30
96.76
92.72
91.85
91.62
93.72
96.86
96.30
99.03
98.98
97.74
100.00
95.86
94.90
95.04
95.38
95.21
96.14
94.82
97.27
98.37
96.40
95.71
94.92
97.35
97.12
97.07
98.25
99.37
101.00
101.02