200
635.41
642.60
651.65
642.50
644.39
671.45
669.32
691.66
696.17
698.46
701.35
703.71
693.30
687.95
699.33
702.00
698.18
700.75
683.69
704.89
713.32
714.36
726.52
744.55
736.88
715.33
726.61
717.60
721.57
722.72
731.55
722.50
717.60
723.90
713.37
704.39
702.19
706.80
716.19
706.37
717.05
716.92
715.20
720.00
708.09
775.20
760.73
760.00
776.45
770.00
773.49
762.75
770.08
773.00
791.15
777.88
784.15
775.09
767.12
747.57
744.71
739.23
754.82
750.80
752.30
744.00
745.28
726.04
736.00
748.57
752.62
756.00
757.49
765.13
754.65
748.73
757.47
767.00
779.99
780.75
786.42
781.85
769.25
757.50
753.45
750.00
748.72
742.25
721.49
722.58
729.63
705.19
717.72
713.45
718.28
730.92
713.01
707.78
717.06
717.55
707.08
721.19
736.02
733.83
734.70
736.79
749.73
752.63
754.75
669.15
674.51
656.00
628.04
632.31
635.85
616.49
631.09
628.00
628.13
613.07
601.79
609.04
591.60
593.72
603.50
588.50
598.72
624.00
637.69
636.08
639.55
642.34
644.41
676.00
664.00
669.34
663.77
649.95
643.29
649.80
645.70
643.50
655.61
657.03
666.42
661.65
660.05
662.53
668.06
658.01
658.69
664.75
662.73
651.01
659.57
655.64
645.88
645.44
652.53
642.27
626.50
618.48
624.18
607.88
606.74
629.35
644.77
665.13
674.59
674.50
737.43
727.50
714.60
707.37
687.73
663.58
665.49
663.18
677.60
674.00
669.97
645.10
639.50
633.80
638.57
639.69
652.54
633.08
642.53
650.55
643.45
637.16
648.29
657.96
661.93
647.90
634.78
653.56
654.76
648.75