New York
275.00
269.81
268.96
269.80
267.89
268.61
268.33
270.42
276.99
271.99
269.28
268.99
264.88
261.19
259.94
262.65
261.88
255.89
248.02
248.25
249.49
246.60
249.38
254.94
257.81
256.52
269.65
257.99
254.67
269.41
255.04
254.86
254.56
266.81
253.21
255.22
255.88
248.30
241.23
239.97
238.97
237.18
237.00
Amsterdam
282.44
264.88
261.19
259.94
262.65
261.88
255.89
248.02
248.25
249.49
246.60
249.38
254.94
257.81
256.52
256.81
257.99
254.67
269.41
255.04
254.86
254.56
254.10
253.21
255.22
255.88
248.30
241.23
239.97
238.97
249.04
237.00
London
297.15
278.01
277.26
276.96
275.27
284.44
265.95
270.83
278.81
269.99
268.82
271.05
274.11
275.00
269.81
268.96
269.80
267.89
268.61
268.33
270.42
276.99
271.99
269.28
268.99
264.88
261.19
259.94
262.65
261.88
255.89
248.02
248.25
249.49
246.60
249.38
267.69
257.81
256.52
256.81
257.99
254.67
256.58
255.04
267.60
254.56
254.10
253.21
267.98
255.88
248.30
241.23
251.97
238.97
237.18
237.00
